bougre,101964,51467,0.49987535447952525
nictitant,172607,74970,0.4684346122881201
râlement,199611,83504,0.46906004900668374
mangeai,165050,72000,0.4853285807254397
tracassier,215422,88855,0.470310960913075
bedonnants,99471,50498,0.4709073896426066
fripouilles,144765,64337,0.4826040755719414
pétomanes,188977,80794,0.4720270901713932
barbouilleur,98736,50231,0.47327668752877505
balafrons,98022,49986,0.4731919713912239
soûlons,208070,86154,0.4737903410794506
manchotes,164967,71968,0.5065872170089959
gloutonnerie,147726,65393,0.47495975543760577
rigolards,198010,82969,0.4948209657004565
marmots,165852,72268,0.5287972169309548
imbécilement,153684,67735,0.4767980537717806
ragoûtants,190438,81370,0.4859298096434177
ronronner,198706,83209,0.4864482978371768
voyoutes,222088,91140,0.4785568682097026
vieillot,220808,90732,0.4997401402108811
impertinent,154086,67883,0.47974983784733427
taquiner,212632,87829,0.48040706090471164
effaroucher,132345,60927,0.5195507870808707
oisillons,174904,75787,0.4946340606370301
matouser,166440,72474,0.48214885287897
goinfre,147891,65471,0.5455234817285355
infatigables,156037,68598,0.4833123372674453
fouisseur,143794,64040,0.5353194986926914
dévorais,132087,60867,0.48445886508152775
prognathe,185602,79665,0.4850207691766334
pâlichons,188350,80545,0.485590128348218
rêveur,202415,84147,0.486344827212131
gouailleur,148113,65565,0.48794867907683487
grouiner,149613,66086,0.4875574048178683
gazouillants,146946,65073,0.48822688483505405
chiasseux,109240,54177,0.48878850945066193
clébards,111391,54998,0.4893840361253712
fouetter,143692,64015,0.4899625856484141
grogner,149447,66036,0.49058047095547025
obséquieux,174287,75594,0.49117346635104986
maigrelettes,164452,71754,0.49174363596542126
maigrit,164479,71757,0.5246953312200433
chienchiens,109309,54207,0.49289375505672206
stéréotypé,209144,86666,0.4934530865290646
simplette,205870,85433,0.4940166804392354
glapisseurs,147552,65325,0.49458276054262107
geignard,146984,65088,0.49515636581915995
mangeaille,165052,72004,0.49580051793624796
débondant,125076,59288,0.49640608874318193
rigolo,198031,82973,0.49696938791202333
râblé,199596,83500,0.4975452151988964
lémure,164004,71549,0.498148493037901
chatouilleux,108774,54011,0.4987264833734636
méchants,170942,74331,0.49933216976031103
songeurs,206880,85832,0.5104048312986968
rendormir,195173,82416,0.5164378106011906
frousses,145060,64432,0.5222281437733891
batifolages,99176,50408,0.50171090958127
chevreuil,109166,54152,0.5023063729831941
ridiculiseras,197939,82941,0.5400136190301168
incompréhensif,155170,68244,0.5034364428819877
ovipares,176441,76378,0.5040059922035984
fatigant,140797,63086,0.5362600437624395
filou,141978,63484,0.5051876039857899
poileux,182867,78713,0.5057577022928935
grouillant,149591,66081,0.5063883839266392
couiner,117463,56739,0.5226077027636831
carnassier,106727,53220,0.5674413362479939
bonhomie,101306,51260,0.5081161490379209
égocentrismes,224633,91960,0.5086825119510526
imberbes,153637,67721,0.5092613552141739
plaintif,181912,78391,0.5098376129593061
apprivoisais,93108,48428,0.5676942168165504
canidés,105932,52903,0.511017034867781
marmonner,165841,72265,0.5136169879245783
chaparder,108370,53867,0.567183922715416
effrayerais,132600,60973,0.5127411749990473
louveteau,163383,71312,0.5208443141567038
rempailleur,194833,82359,0.5138794204354618
jacasse,159334,69651,0.5343582399822817
grossier,149545,66070,0.5150941763255613
hypocondriaques,152727,67362,0.5172124690324954
ventriloques,220114,90464,0.5162463581729205
emmitouflai,133326,61157,0.5168229061019639
débrouillai,125297,59332,0.5416253640137858
bégayant,104395,52319,0.5180205274115081
tamanoir,212297,87709,0.5185841177967148
irresponsable,159017,69510,0.5191554551188424
dégueulasses,127958,59934,0.5357804164477886
iguanodons,153441,67654,0.5244025980564773
soupirer,207514,85979,0.53529142869105
agacer,88680,46810,0.521545058622031
piranhas,181416,78223,0.5221591867725828
batifoleurs,99185,50409,0.5227186404574572
fatiguant,140806,63087,0.5445204178449982
hébétude,152898,67434,0.5238869094854439
couinement,117460,56741,0.5390227110631783
prédateur,186798,80023,0.5457920278842613
divagant,123200,58665,0.5379365129455533
anatidés,91250,47633,0.5264501343928426
chapardeur,108371,53869,0.6027953922373379
débrouilleurs,125325,59337,0.5276094938765432
fourber,143841,64054,0.5282829150276235
rancunier,190999,81514,0.5508490399020146
bigorneau,100099,50778,0.5294215476294679
gorille,148088,65551,0.5547554222767703
répugnants,201452,83934,0.5384837007940434
efféminés,132657,60991,0.5392563817046507
pachydermes,176515,76420,0.5564160928021862
engourdi,135339,61603,0.5323425157287708
apeurer,92561,48291,0.532929031033497
bavardai,99289,50439,0.5851826185301152
dégoûtai,127792,59898,0.5906411985835082
sarigue,203543,84563,0.5347521722937595
désoeuvrés,131101,60665,0.5353373158901805
maniais,165114,72016,0.5359217098931188
repaître,195809,82510,0.5364843610015582
clopeur,111269,54959,0.5370697850701711
studieux,208997,86591,0.5376403932614485
lapereaux,161385,70528,0.5382031206547786
kangourou,160528,70094,0.538770966773557
mâchoires,170831,74294,0.5393354952585925
recommandables,192537,81936,0.539916620067569
rustre,199532,83484,0.5964783392275924
brouteurs,103612,52037,0.5576444371734917
dégoûtants,127803,59899,0.5995161380461753
cautèle,107472,53541,0.5423014578517849
dévorateurs,132095,60869,0.5429106146206243
enjôleurs,135555,61645,0.5532641377474236
quadrumane,189164,80864,0.5440578346417362
coléreux,112304,55338,0.6160812846758754
moques,169342,73735,0.5453306173538559
voracité,221892,91104,0.5459261400613935
amerloques,90631,47422,0.5465102967362988
sourirons,207647,86008,0.5472801376208678
ricaner,197861,82919,0.5478891385058478
déplumés,129739,60322,0.5644841499328659
incorrigible,155315,68302,0.5490389243585159
malpoli,164830,71905,0.5496008864028911
tyrannique,218228,89763,0.5501601659289286
tripotes,217146,89369,0.5734017933726817
raseur,191379,81601,0.5513536570935396
feignais,141098,63187,0.5691946917371526
jaloux,159472,69698,0.5525026357950004
froufroutants,145049,64429,0.5530668581553546
fouiner,143776,64036,0.5646100140773702
famélique,140482,62972,0.5542398858860422
invétérés,158809,69417,0.5825551264571143
oisif,174899,75786,0.5918576213720838
flemmardes,142556,63649,0.5562680400992533
attraperais,96083,49294,0.5752505078169046
flegmatiquement,142544,63645,0.5574591685037015
épatants,225862,92290,0.5903097141118561
primates,184974,79499,0.558585714662237
bipèdes,100299,50888,0.5719576596503457
fanfaronné,140542,62989,0.5800810036467665
ptérodactyle,187797,80325,0.57182902684677
nonchalamment,173045,75156,0.5610534396870268
mâchouillant,170846,74297,0.5838887446036036
frivoles,144880,64378,0.5621970199360191
lourdaud,163352,71303,0.5694959256465988
dégourdi,127761,59894,0.5804843728946273
chafouin,107944,53735,0.5849887704103909
hurleur,152464,67212,0.5645574636294922
coasser,111497,55048,0.5784501332147423
égoïstement,224696,91978,0.565727227294178
ivrognes,159316,69642,0.5663046944344104
pythons,188340,80538,0.5668663258509078
remueur,194982,82386,0.5674508463312927
brachycéphale,102616,51710,0.5721198844725788
mordre,169495,73771,0.5686050073573112
couards,117333,56704,0.5692067121773247
rondouillards,198628,83195,0.6379290731628617
raffolent,190317,81340,0.5954017162640229
ivrognasse,159311,69641,0.5917075190158567
familiers,140468,62965,0.5715865940177529
infréquentable,156359,68691,0.5847118723100548
gesticulateurs,147192,65176,0.5727604132482204
minable,167994,73217,0.573467330655951
chagrinée,107967,53738,0.5741032357015865
irascibles,158918,69473,0.6103464454068726
amuser,90996,47539,0.6125338904286778
bricolent,103066,51857,0.5759595229632906
dociles,123440,58743,0.5838102629382123
jeunots,159786,69823,0.577082354043167
méprisants,171441,74516,0.5777611131938045
chapardage,108365,53868,0.5800349657808378
méprisant,171437,74513,0.600630863385277
vicieux,220648,90673,0.5795019822588098
simiesque,205845,85419,0.5800712261642493
horripilation,152080,67058,0.5823809169458906
bouledogue,102062,51506,0.5903338915327573
détestes,131587,60766,0.6495970781622604
dévorants,132093,60868,0.5825860219943524
dédaignais,126871,59693,0.59020605254658
impulsif,154555,68014,0.5837374206416385
muridés,170438,74141,0.5843010242701493
bagarreurs,97762,49918,0.5989711259732424
mâchons,170843,74288,0.5854936260457764
farceur,140639,63032,0.635338527169031
acariâtres,86283,46261,0.5975494557935512
freux,144600,64284,0.5872310609357123
hirsutes,151628,66854,0.5878356266604203
débridés,125287,59327,0.5883959640835841
dégueulais,127948,59932,0.5890129969525261
gêneur,150528,66434,0.5945059629184659
veinardes,219890,90398,0.5901833669044686
boulochait,102125,51524,0.5907823765960238
délectable,128257,59998,0.5913670677610805
brouter,103607,52033,0.6215124539034425
lièvres,162825,71094,0.5925545735615169
puéril,188275,80496,0.6049949095391336
herbivore,151421,66755,0.6236528898157837
perroquet,179875,77603,0.5979573085645569
tyrannosaures,218241,89766,0.5950454568874644
scrupule,204477,84923,0.5973548930181922
glapissants,147548,65323,0.5962681998959918
dégueulassés,127961,59935,0.5975790926201542
tricératops,216869,89280,0.5975220349410405
sarcastiquement,203509,84541,0.5980940097384623
esseulement,137900,62151,0.5986993394906902
superstitieux,210057,86936,0.5993146651691632
musaraignes,170484,74151,0.59993921000711
cervidés,107877,53704,0.6005383171922645
pleurnicheries,182374,78533,0.6084305598010413
attendrissais,95847,49245,0.6079112202406566
flagorner,142333,63586,0.6361116818053281
félins,145829,64659,0.6029131887491621
japper,159536,69728,0.6034984090810965
poulpes,184338,79317,0.6041014832985518
vantard,219591,90297,0.631720092762938
inintelligents,156567,68764,0.6052671202554606
périssodactyle,188852,80743,0.6058436209721288
méprisable,171430,74514,0.6064073051481683
pusillanimes,188216,80466,0.610329674312742
pétochait,188970,80790,0.6077595731805665
enrageai,135824,61691,0.6330265003288202
mâchonner,170840,74295,0.6119694433706573
honnête,151942,67011,0.6096647977452122
moustaches,170090,73991,0.6102484803674241
tyranniser,218236,89765,0.6213665791673852
démerdards,128705,60093,0.6215531629215443
radotes,190258,81322,0.6155341880555021
jovialement,160115,69928,0.6126502369002317
goguenards,147884,65466,0.6132166559743881
plaisanter,181948,78398,0.6138327229995968
indolent,155718,68444,0.6144312010439703
frugivore,145077,64441,0.6150412897640618
ahurir,89198,46954,0.6156138130383124
mégalosaure,171219,74430,0.616175162801302
lérots,164041,71567,0.6168441331114421
broussailleux,103592,52028,0.6174574502996677
geignais,146978,65086,0.6180316962849232
mulots,170270,74071,0.6188204591098986
importuner,154258,67929,0.6324582924899388
agressif,89025,46902,0.6199532288329505
aventureux,97033,49665,0.620597534473354
miteux,168388,73373,0.6211597163780249
caqueter,106365,53070,0.6217412777526938
guenilleux,149775,66146,0.6223622250915688
puérilement,188277,80497,0.6229551363215056
péteux,188943,80782,0.6235350177716699
reptiliens,196306,82594,0.6241628341299554
gredins,148917,65875,0.6247265466998755
coléreusement,112303,55339,0.625339161669595
horripilé,152085,67056,0.6837545257586171
écervelé,223392,91682,0.6265519181927856
cancrelat,105875,52875,0.6406683508559042
vieillard,220761,90724,0.645258857704133
aboyer,85857,46111,0.6283814037893307
radoteur,190259,81323,0.6529951726750964
pitoyables,181603,78298,0.6295886224568339
graisseux,148498,65711,0.6301781538628021
hurluberlu,152470,67213,0.6392792984249777
déluré,128476,60046,0.6313570440456856
empaillés,133428,61173,0.6320438343374988
épaté,225876,92294,0.6328652945046478
insolent,157058,68907,0.6433074688093315
flegmatique,142543,63644,0.6341653638826935
importuns,154268,67928,0.6429167077687823
rigolant,198004,82966,0.6353574921362817
enjôlement,135551,61644,0.6360158955412515
esseulés,137907,62153,0.6366709356656538
grincheuses,149288,65983,0.6624064010371665
sautillant,203830,84676,0.6377991397783629
archéoptéryx,93725,48640,0.6384231019880053
bedonnant,99467,50499,0.6390239216620552
nain,171866,74681,0.6396652638286463
pékan,188605,80644,0.640258110837435
attendrissant,95849,49246,0.6410498305953028
énervâmes,225641,92235,0.6677114557738323
dandinement,120519,57808,0.6421335328555722
caresser,106609,53177,0.7034762993235609
grouillants,149595,66082,0.6433256181100132
inconséquent,155257,68280,0.6439010061399961
filoutes,141983,63485,0.6449818819579813
délectais,128261,59999,0.6450551688792894
indécrottable,155826,68487,0.645855083494359
copain,116588,56391,0.6462137100679112
flagornerie,142334,63587,0.6472003011502966
bonhommes,101309,51261,0.6474924940545403
hibou,151552,66809,0.6526949058216924
effrontément,132637,60983,0.6487234662530952
hocheurs,151775,66919,0.6494164243634298
feignants,141106,63188,0.6500666651167291
grinche,149284,65982,0.6506780357890372
simplet,205866,85432,0.6779970611109979
caressants,106605,53178,0.6519051490277774
matous,166438,72473,0.6525193925383246
embêtes,133218,61131,0.6865788341899125
nounours,173286,75243,0.6537796932776098
piailleurs,180748,77974,0.6545496404672325
imbécile,153682,67734,0.6763958310553029
ruminés,199458,83452,0.6557118256715848
hippopotamesque,151622,66850,0.6562820899990508
pleutre,182398,78539,0.6568900621619813
dégouliné,127754,59887,0.6574502827376171
répugnais,201444,83932,0.6580238487679463
jaseur,159591,69753,0.6586542843967489
galago,146134,64763,0.6592554315141101
balourd,98288,50068,0.6831991079795925
chicoter,109295,54199,0.6604447003193388
effronté,132631,60982,0.6732012916655715
pépère,188739,80696,0.661962791222961
démerdais,128701,60092,0.6766293683788481
zézaiement,222966,91553,0.6630633434021784
ongulé,175162,75905,0.677712183321452
misanthropes,168287,73334,0.6642589619882093
blagueur,100526,50996,0.7034033361802389
pétochard,188971,80791,0.6655746603998718
insoucieux,157103,68924,0.6661570026673036
rieuse,197970,82950,0.6667223923328195
bobosse,101001,51148,0.6673197768623831
emberlificoté,132868,61046,0.6686111356922181
corpulents,116932,56561,0.7306351974375693
dédaigneux,126883,59696,0.6695757834438711
sympathique,211276,87301,0.6978205354202649
poltron,183248,78847,0.6707592556489772
étripés,227379,92706,0.6745120497584556
fréquentable,145161,64469,0.6719686282790178
horripilant,152075,67057,0.7187072301458571
félidé,145822,64658,0.6731532514364412
timoré,214042,88395,0.6737127925219266
pleurnichant,182358,78529,0.7498605065040687
maigrelette,164451,71753,0.6831527274810462
vauriens,219806,90380,0.6915985673247375
doucereux,124021,58930,0.6763969120803002
moustachues,170093,73992,0.7099052476060012
volontiers,221782,91059,0.6776210362272783
incoiffables,155106,68218,0.6781877510892009
désespérants,130724,60576,0.678834356633861
babiller,97557,49836,0.6794191220484197
bourru,102333,51609,0.7375968794580104
impénitent,154605,68032,0.6805709130946146
bigorner,100101,50777,0.6811363380175298
jacassiers,159349,69657,0.681757493157043
zigotos,222772,91467,0.6823437011355472
mâcheur,170825,74292,0.6829451208168993
intelligent,157527,69038,0.6835178339544479
ennuyer,135718,61673,0.6954651370781253
oisivement,174906,75788,0.6847229730814951
empaillant,133417,61171,0.6853142538486677
blondasses,100803,51089,0.6983381952250073
malhabile,164740,71868,0.6864659721009104
atrabilaire,95582,49209,0.6870328446227251
emberlificoter,132867,61045,0.6957390984973947
ébouriffait,223192,91640,0.6882318209098319
apathique,92512,48283,0.6888555342880982
verveux,220464,90599,0.6895205794122123
babiroussa,97565,49840,0.6903224436166584
endormirais,134723,61488,0.6908998012074723
rêvassant,202394,84142,0.6916841101458316
craintivement,118226,56972,0.6920666169637745
tracassin,215423,88856,0.6926630002875331
épata,225853,92288,0.6975148124706899
marmotter,165860,72269,0.7055591629733229
édentés,224404,91907,0.7780323839539065
dérangé,130135,60410,0.6951552891283905
apprivoiseur,93115,48429,0.6959707946162144
indécrassables,155825,68486,0.6965471275237758
costaudes,117227,56663,0.7299020420190618
obstiné,174220,75580,0.6978307557390104
ingrats,156415,68711,0.6984658336035201
crétin,119407,57348,0.6992588950251557
hérissons,153040,67508,0.6998327164429723
patapoufs,178537,77179,0.7101863068981225
zozote,222896,91524,0.7317260725273452
tousseux,215327,88818,0.7021070967310694
oiseux,174898,75785,0.7026892044288822
hâbleur,152811,67410,0.70868210352997
laveurs,161733,70663,0.7211089255759078
charognard,108602,53949,0.7262969038176217
embêtés,133225,61134,0.7051877367863776
atrophiés,95602,49216,0.7057555376798175
plaisantins,181963,78400,0.7404779442982237
atèle,96213,49320,0.7069802323154095
ricanants,197856,82920,0.7076209571825289
bellâtre,99543,50535,0.7081996770400228
bondieusard,101264,51250,0.708787324126374
rongeurs,198679,83205,0.715151100346724
cynique,120038,57605,0.7179615658623952
nunuches,173592,75348,0.7170158971592394
arapèdes,93522,48538,0.7114296781516438
hargneux,151094,66617,0.7533327862306862
moqueur,169349,73740,0.7571813814715259
crétineux,119413,57350,0.7135723932724941
taciturnes,212081,87621,0.7141455627529665
dégoûtation,127805,59900,0.7147518406976853
carcajou,106523,53137,0.7154157866441105
casanier,106968,53330,0.7160732534948705
goujats,148156,65585,0.7166653096559754
grassouillet,148719,65813,0.7522255860196371
lâcheur,163816,71487,0.7178104915484433
ridés,197956,82945,0.7186489027280865
espiègleries,137722,62111,0.7289695185062071
écureuils,224379,91899,0.7269119563767411
fourbues,143861,64059,0.7206700847501195
charmeur,108573,53941,0.7212669701408738
infatigablement,156036,68599,0.7219292415172177
salopiaux,203143,84390,0.7225781009508423
malappris,164666,71840,0.7232218512404568
débile,124961,59256,0.7238786074908098
sarcastique,203508,84540,0.7245297395588921
choucards,109785,54387,0.7251647376620176
fouineur,143781,64039,0.7343943359487228
libidineux,162079,70813,0.7264251088645554
ennuyeux,135721,61675,0.727087225737951
affreux,88526,46767,0.7277506646915306
chimpanzé,109409,54243,0.7286126517255762
trépident,217811,89591,0.7292695155827804
bégayai,104391,52317,0.7299070966423409
laineux,160993,70371,0.7304996071688157
marmottement,165859,72272,0.7310606478772782
péquenauds,188751,80700,0.7657041608477152
épeichette,225914,92305,0.7322436513669625
garnement,146662,64970,0.7379756571845496
niaisé,172552,74948,0.7336519251153646
agaçant,88713,46823,0.7342437991556178
tyranniquement,218229,89764,0.7351676313371883
bricoleur,103070,51860,0.7430959740407791
maladroit,164638,71830,0.8067929749742528
crapoteux,118300,56991,0.7373349961948548
jaguarondi,159413,69687,0.7379395128787742
dodus,123514,58770,0.7386097813843551
mouffette,169872,73926,0.7394046968170446
pleurnichement,182366,78532,0.7439235794073364
câlins,120120,57642,0.7411088499765003
binoclards,100212,50833,0.7417069824056445
laquais,161429,70544,0.7425474504863828
enfantins,134854,61524,0.7434609341792175
ignorantins,153405,67650,0.7440403276383654
crâneur,119196,57276,0.7446001502832217
gamin,146377,64861,0.7452113712552517
antipathique,92267,48160,0.782749306519238
consciencieux,114741,55946,0.7465361575096141
abruti,85952,46177,0.747346385626356
croqueur,118908,57175,0.748272908486901
pépètes,188743,80697,0.7491019331632038
niaiseux,172551,74950,0.7500784308641639
fainéant,140340,62924,0.7931706846886484
lémuriens,164007,71550,0.7517292961394022
tripoteur,217147,89371,0.7522979747136012
omnivores,175065,75863,0.7694400283538003
crédule,119298,57306,0.7717421726584158
roublardes,198893,83289,0.7555278662070473
égoïste,224694,91977,0.7551824708501409
fainéantise,140350,62926,0.7557418693293397
craintif,118223,56971,0.8113523144164168
débrouillardise,125306,59335,0.7571544168032216
méchancetés,170936,74330,0.7737197594194416
sautillants,203834,84677,0.7584506207710301
congénères,114471,55882,0.7590457416476387
pinailleur,181146,78131,0.7596717275976348
pitoyablement,181602,78299,0.7605616769195271
mâchouilleur,170850,74298,0.7611880385163436
mastodontes,166299,72417,0.7618984296184816
crâner,119191,57272,0.7625261363113757
facétieux,140231,62881,0.7630988835396603
câliné,120122,57643,0.7638069989501561
sapajous,203448,84509,0.7998777075180166
maigrichons,164465,71758,0.8262776863106469
quadrupède,189176,80869,0.8014317832940827
plantigrade,182113,78434,0.7667752155353387
espiègles,137723,62109,0.7776096586061072
grizzli,149420,66030,0.7681977317927944
mammifères,164928,71947,0.7868554970371524
épatamment,225857,92289,0.76954659068922
roublarder,198892,83290,0.7702691120651539
ventripotent,220116,90466,0.7748204801909819
nonchalants,173050,75158,0.7876870483988827
orgueilleux,175739,76104,0.7725810755131415
chevrotant,109181,54157,0.7732278436578242
amusant,90983,47540,0.7737968833077382
hypocritement,152735,67367,0.7744293293781921
blasé,100646,51037,0.7761000452580897
piqueux,181392,78215,0.7759034821800969
fainéantant,140343,62925,0.8097464389778585
surmulot,210654,87118,0.7779887965953903
railleur,190492,81391,0.7779550138710869
belette,99492,50511,0.8135169319489083
râleur,199619,83505,0.7837168386106759
stupide,209006,86599,0.8148773517199973
sournois,207653,86013,0.7808952248430746
insectivore,156957,68877,0.7818168280809931
loutres,163379,71310,0.7995103851832599
glapit,147554,65322,0.802968988699312
gloutonnement,147725,65392,0.7840006156042147
irrespectueux,159013,69506,0.7850760982123905
bigleux,100077,50765,0.7861441053482865
morveux,169696,73852,0.7872671160841682
hypocrite,152733,67366,0.8160083247948625
bouffettes,101859,51439,0.7886760810187481
déveinards,131877,60821,0.7895150496685936
marsupial,166015,72318,0.8057290548411011
grognon,149454,66044,0.7974696637089184
enculés,134574,61440,0.7922518050798385
benêt,99583,50562,0.7928345917976479
débrouillard,125302,59334,0.8095393912711872
bouseux,102405,51626,0.7943750144806953
nasique,172062,74758,0.7949403012434922
ratons,191656,81666,0.7958440493256113
ignorants,153406,67649,0.7968251017775181
sociable,206328,85624,0.8543934655547388
cyniquement,120040,57606,0.7985703901531711
cacochymes,104877,52497,0.8010065326813371
envieux,137181,61962,0.8002806698187
marmotte,165857,72271,0.8009573836145297
effarouchés,132354,60929,0.8033128142917082
feignasses,141110,63189,0.8169450363569305
timide,214030,88388,0.8034740999665837
insouciants,157099,68923,0.8057485378315021
immature,153755,67756,0.8048651162573329
salopiauds,203142,84389,0.8057064348768985
gloutons,147727,65390,0.8286539924629852
blaireau,100539,50999,0.8074126714789199
méchamment,170934,74329,0.8080205501513603
flagorneur,142336,63588,0.8122087509487816
malotrus,164824,71903,0.8117664492001717
carnivores,106747,53227,0.8126919605860226
pécari,188486,80590,0.8453444245163645
bavard,99284,50438,0.9138348712234412
chagrinés,107969,53739,0.8135234125366755
arrogants,94277,48832,0.8151616425744801
gavial,146891,65050,0.8152155892738071
trucidés,217649,89534,0.815911318964036
fanfaron,140528,62988,0.8170746045499935
malicieux,164766,71879,0.8177214421025399
courageux,117669,56814,0.8182989313982842
lézards,164092,71583,0.8188846371210297
tapageur,212495,87800,0.8195128838837404
râleux,199626,83506,0.8215964592807354
insociable,157051,68902,0.8224102513669147
platyrrhiniens,182262,78498,0.8231600968472256
lamantins,161074,70399,0.8243471755478592
dégingandé,127603,59864,0.8271348164213372
singe,205942,85455,0.827301688865394
grégaire,149715,66124,0.8279566179175366
pleurnicheurs,182378,78534,0.8573673065564721
mustélidés,170603,74199,0.8297759931241288
prétentieux,187444,80193,0.8304754769899236
rieur,197966,82949,0.8312292966015946
avaricieux,96986,49650,0.8318477244858783
préhensile,186972,80081,0.8324844957457149
aboyeurs,85860,46150,0.8583171471304316
souriceaux,207628,86010,0.8382151492463966
serviable,205280,85208,0.8596857414954712
emberlucoquer,132873,61047,0.8370056443325896
moufette,169870,73925,0.8378416622294931
bajoues,97971,49975,0.8391207955748674
égocentrique,224628,91959,0.8539611777995022
poisseux,183003,78752,0.8407575555653819
cupide,119841,57493,0.8425349378152909
déridé,130177,60421,0.844357531892943
affectueux,88273,46712,0.8451735932926685
arboricole,93576,48558,0.8457719312171689
gloutonnant,147722,65391,0.8465673579365558
pleurnichage,182354,78530,0.8485653497415423
colérer,112301,55337,0.8484785631767131
colérique,112305,55340,0.8704704475512361
capricieux,106256,53037,0.85074140421217
vorace,221889,91102,0.8520561003159322
opossums,175268,75955,0.8905094828839623
caresseurs,106618,53180,0.8888016272958075
niais,172539,74946,0.8545148346439313
maigriot,164468,71759,0.8557320560365538
pleurnichardes,182362,78531,0.8816632153480443
paresser,177722,76926,1.017978252035495
tatous,212916,87920,0.8633763774921769
tapirs,212568,87811,0.8890681426636585
ornithorynques,175862,76149,0.8805161022391411
fourmilier,143911,64075,0.868547121092275
rusés,199546,83485,0.8706073405526311
rusé,199537,83466,0.8724813247909077
ouistitis,176178,76289,0.8760638568910577
oryctérope,175945,76191,0.8793951144997006
pisseux,181502,78255,0.8880322959729163
phacochère,180351,77754,0.9088385147529976
crasseux,118377,57017,0.895975079576494
affamé,88214,46700,0.8973019511155497
peureux,180337,77744,0.9053556758326022
vaniteux,219554,90283,0.9133758219207122
paresse,177720,76927,0.9798753544795251
