ressusciterons,196791,82690,0.4998661885455892
éteindrons,226913,92608,0.4820024104069929
sauvagesse,203877,84687,0.4681298771990783
célinienne,120191,57670,0.4687203268169643
gémissement,150291,66336,0.49205001254476577
colère,112296,55334,0.46999140223149083
enténèbrent,136989,61924,0.4706483323187064
brûlions,103848,52104,0.5399560356818977
lamentant,161129,70424,0.47477808171250324
éboulement,223179,91637,0.5158320061652927
racontons,190084,81234,0.4878190200977778
proclamons,185263,79591,0.47385613644540214
exterminateur,139746,62736,0.47445363873111485
descendons,121130,58082,0.48527915951606526
inondât,156789,68826,0.5274897917043426
pyroclastiques,188312,80516,0.4764404085993921
ineffaçablement,155904,68530,0.4769581845034697
terrifique,213579,88164,0.47759197052640334
esquintement,137775,62127,0.4781818725038193
pulvériserons,188041,80410,0.4787940526465257
macrocosme,164197,71639,0.4793986376779385
semant,204800,85032,0.47999461964403906
dévaste,131862,60817,0.5298566978926144
déicide,128084,59959,0.4830500159748072
damné,120491,57798,0.48234049914473226
gondolement,147976,65508,0.4824190999730149
foulions,143822,64041,0.48303005871596155
trombes,217272,89432,0.5334371401288318
inconnaissance,155210,68263,0.48425712221748696
prophètes,186012,79769,0.5372139465846939
transgression,215972,89006,0.5061438473858687
éléphantesques,225238,92132,0.4877858238473857
flots,142764,63724,0.48678959277725614
naufrageur,172167,74802,0.48739303203723433
enfer,134874,61529,0.5022016965898807
ressurgissant,196773,82689,0.48861576008953156
reposions,196062,82555,0.4892055197634917
vîmes,222500,90538,0.48980651520464563
déchantant,125680,59429,0.49040543354541044
démenons,128662,60085,0.4910101070079451
dévorateur,132094,60869,0.49166436416487286
empoussière,133872,61268,0.4922764497531471
assailles,94747,49000,0.5008681759066667
guettions,149826,66158,0.4935098585765326
ineffablement,155901,68528,0.4941351049864296
blasphémé,100644,51033,0.4973503782134441
prémonitions,187066,80110,0.4953226483526261
saccagne,202643,84206,0.49591865369425786
démoniaquement,128861,60133,0.4965306585269009
pleurant,182316,78522,0.4971827937482431
jailliront,159423,69688,0.524253461767912
récitions,200108,83635,0.5104251575495176
croquemitaines,118890,57169,0.499045996824875
moissonneur,168797,73517,0.4996863738571271
maudissions,166555,72510,0.5655316285579465
frémissement,145145,64460,0.5009062615679014
rugissement,199367,83437,0.5209351410116423
mignardement,167760,73131,0.5021222698592155
tremblotement,216613,89183,0.5027466237080046
dirigions,122277,58454,0.5033565557316506
paulinienne,178796,77278,0.5039957445539666
sauvant,203886,84682,0.504585310324913
assyrien,95338,49106,0.5192649488599577
mortel,169646,73838,0.5069132099314485
lessivons,161879,70732,0.5063934100364109
grotesque,149581,66078,0.5069915843812836
tumulte,217980,89657,0.5472478797335395
ensevelissons,136156,61750,0.5698542702908902
détruisions,131769,60803,0.5755559294173691
innombrable,156724,68810,0.5095911978928295
écroulions,224306,91878,0.5696171458973107
oublierons,176135,76270,0.51082654294935
renaîtras,195073,82397,0.5114264538295462
contemplaient,115424,56082,0.5187207142117127
déchirons,125855,59456,0.5126794730730322
amoncelle,90798,47480,0.5133072649471643
perséides,180053,77652,0.5139015507315113
déferlât,127173,59760,0.5765378065397524
pharisaïque,180396,77783,0.515248451082911
aprème,93411,48472,0.515847822670004
rescapé,196413,82622,0.5165223146551894
coré,117157,56630,0.5171572338020093
tempétueux,213218,88062,0.5177783843394828
malchance,164690,71847,0.5184172656804995
dévoration,132096,60870,0.5190398330438512
fracasse,144124,64129,0.5358603830217794
extrapolent,139881,62775,0.5202404703812885
crachant,118120,56944,0.520855084237443
supplications,210111,86949,0.5252820398172326
tumultueux,217986,89659,0.5220468808153753
rougeoyants,198964,83318,0.5434629253823997
miraculée,168214,73308,0.5366783984018384
indéchirables,155811,68478,0.5325427885706019
inespéré,155934,68547,0.5245622042769786
noies,172835,75065,0.5330546689307936
foudroyants,143671,64013,0.5295793553503543
anthropophage,91850,47866,0.5264052479747056
bouleversant,102081,51512,0.533480534418473
évoquerons,227882,92809,0.5275943103275484
tremblions,216600,89174,0.569971369824199
engendrons,135224,61577,0.5331469038422724
livrâmes,162809,71082,0.5294529926739018
ensevelisseuse,136154,61752,0.530173903483637
calamiteuse,105211,52635,0.5308602343402813
hébraïque,152885,67426,0.5314571459544468
mathusalems,166396,72454,0.5320802544043076
éreintement,226645,92536,0.5326731036366313
cabalistique,104668,52414,0.5377691715545134
démonologie,128864,60135,0.5339027128959039
trépignant,217819,89595,0.534516226951683
happé,150989,66576,0.5351446701703336
pessimisme,180196,77690,0.5357907650647555
réécritures,202324,84121,0.5364304954804835
blêmit,100974,51130,0.5370219751059907
ahurissement,89208,46956,0.5376148920184154
tourment,215149,88770,0.564439437270756
évocation,227832,92803,0.5524347920818109
réchappais,199996,83613,0.5395193154915315
folâtre,143089,63844,0.5566780249169349
cosmique,117172,56635,0.5407578769391599
répandras,201204,83892,0.5432682476219721
survivions,210952,87193,0.5698295758901842
marquerons,165925,72289,0.5427558971500203
grêlons,149753,66134,0.5768836513649492
parousie,177963,76998,0.5441364342680333
fatras,140833,63091,0.544768157565158
disparaissons,122573,58530,0.5551199165039105
incréé,155367,68319,0.5460248682255243
rassurâmes,191491,81619,0.5466195194444037
terrifions,213578,88162,0.5651219061518324
charrié,108657,53968,0.5478927664358149
trépas,217785,89587,0.5486151176115762
pourfendions,184402,79340,0.5492703559765248
quittions,189604,81111,0.5498851529195982
panthéisme,177125,76690,0.550505494306761
épelions,225923,92307,0.5511411136916247
millénaires,167944,73195,0.5517628979556922
shéol,205506,85311,0.5523625144001034
sodomites,206411,85664,0.5529589844421636
décarpillage,125570,59399,0.5535572695312
venue,220134,90420,0.5541891766727409
foudroyions,143673,64011,0.6401380280568215
ressortîmes,196744,82679,0.5556272697726224
éternelle,226964,92617,0.5630934797952234
retentirent,197034,82729,0.5818223139971556
déchiffrâmes,125796,59447,0.5574996720332728
famine,140476,62969,0.5929641385789118
submergeant,209304,86722,0.6213684933779793
maîtrisions,166707,72567,0.5593238311776088
dégoûtations,127806,59900,0.5599465283623708
meuglement,167247,72752,0.5605629311770287
artifice,94450,48877,0.6060213385022852
semeurs,204841,85047,0.561811017669412
déferons,127177,59727,0.5624873760945222
diableries,121583,58206,0.563126932313712
écroulement,224294,91879,0.6037746203847842
désolât,131131,60667,0.5847957087770906
mitraille,168436,73392,0.5649405498875651
dévoreur,132109,60871,0.5877263759180807
fulminations,145356,64515,0.5773155256123648
embrase,132998,61088,0.6055748066523055
ressaisissons,196574,82657,0.5788161666164214
bouleversons,102099,51511,0.5872727151944883
fatalité,140789,63082,0.5815895870000428
pestilentiel,180227,77698,0.569249202480402
éclairiez,223758,91756,0.5759956037903423
pétrifiais,188993,80803,0.5704807324347329
hébraïquement,152886,67427,0.5711783189792412
secousse,204665,84974,0.5899704576987405
hissons,151657,66864,0.5724272525034666
récoltes,200175,83650,0.5730651727205114
mythologies,170790,74276,0.5937093996499541
démordit,128952,60154,0.5743814186299796
surgissement,210566,87088,0.5750660862960663
écueil,224330,91887,0.5756858982590294
corrobore,117034,56583,0.5763196046958194
sibylles,205522,85318,0.5769258360375673
rougeoyant,198960,83315,0.6024916277395566
assoupissement,95185,49078,0.5781742769706473
espérâmes,137756,62118,0.5787678322818763
glaciations,147453,65290,0.5896651849547105
souviendras,208012,86135,0.5811701277904752
philistins,180448,77814,0.639550526979683
chevauché,109132,54133,0.5815143094623729
effondrement,132521,60967,0.5887278740409875
apercevions,92527,48288,0.592834886202772
réveillonnerons,202102,84076,0.5919242987749745
moissonnerai,168796,73516,0.5888476004296515
allumâmes,90117,47235,0.6034919284898674
saintement,202918,84310,0.5854851403269667
hyperboréens,152630,67308,0.5860782301727181
horrible,152050,67050,0.6052985361255391
naufrages,172166,74800,0.5873186907903218
merveilles,167092,72701,0.5879336621625949
cambrienne,105605,52776,0.5886567581091846
inconséquences,155256,68279,0.5893177538848406
affolantes,88472,46757,0.5899615564213421
mêlions,171740,74639,0.6049929362484985
allégorique,90192,47265,0.6112162045182059
anéantissons,92447,48256,0.6393785939474634
échouons,223661,91745,0.5925618406355314
flahutes,142344,63591,0.5932561333706244
égarement,224579,91950,0.5938581247325856
créatures,119265,57294,0.5944611225665661
déferlantes,127162,59762,0.5950673406027478
séisme,211660,87455,0.5956631075746959
prémonitoire,187067,80111,0.6109562272677533
coulées,117542,56762,0.5969016683905687
filâmes,142012,63434,0.5975012085342367
déraisonnes,130102,60409,0.5980909474412888
métempsycose,171634,74589,0.5987226896921601
lâchions,163821,71482,0.6063270088416891
bénissions,104469,52341,0.6000802191112796
obscurcît,174120,75554,0.6236376913936711
déversais,131945,60835,0.6013263644036456
recommencement,192570,81940,0.6405950748004934
festin,141450,63300,0.6025738985335345
puisions,187957,80378,0.6033842632254993
messie,167139,72727,0.6635372487028321
jaillissement,159433,69690,0.6046899949588647
miasme,167622,73051,0.605283357164906
ravageant,191747,81683,0.6405365460774672
brisions,103318,51924,0.606488872102553
divinement,123288,58691,0.6070985208679844
advenue,88061,46659,0.6267523461832063
maudite,166559,72511,0.6083938122293227
calamitait,105210,52634,0.6090063799538449
déchaînement,125753,59443,0.649998330367502
historicité,151676,66877,0.6103468926702361
prêtraille,187638,80240,0.6109399609126023
inéluctablement,158842,69435,0.6115324399325184
ravage,191741,81682,0.6416816166566341
anachronisme,91152,47590,0.6128155980319621
amoncellement,90799,47481,0.6135709800252606
décadence,125404,59355,0.6143560483523256
averse,97062,49672,0.6149692324737198
osions,176007,76197,0.6155606535545806
zombification,222837,91495,0.6161703549370668
consolions,115013,55985,0.6169837013291608
surhommes,210576,87091,0.6329774454645496
hittites,151712,66892,0.6308540333204942
anéantissement,92443,48258,0.6405052635990561
abattions,85563,46065,0.6524242282347426
récolterons,200173,83647,0.6201372564833743
moissons,168810,73515,0.6208884034187108
verglas,220217,90505,0.6216849009342486
homériques,151913,67000,0.6252460488313065
massacrerons,166204,72387,0.6229014601974722
tempêter,213227,88063,0.6486323513187534
inimaginable,156556,68756,0.6241831988090641
flamboiement,142400,63605,0.6248009613079886
chamboulement,108098,53789,0.6535687113162217
météorite,171708,74630,0.6261444548311171
immortalités,153907,67800,0.6268013414312845
dévastateur,131854,60818,0.6813389793069184
désastreux,130567,60522,0.6510256158904033
foudre,143656,64010,0.6289116913509699
déraisons,130105,60406,0.6295580241271734
poudroyaient,184250,79282,0.6301512808256421
précipitâmes,186681,79998,0.6662010156024554
désespérions,130727,60574,0.6314526894711425
sémite,211749,87486,0.6439086551288076
déversement,131950,60837,0.6328134625725154
périssant,188848,80709,0.6740775731784592
cafardeux,104985,52545,0.6341254586724562
remîmes,195034,82326,0.6347646013223917
dévorons,132115,60867,0.672609199975528
faunesque,140920,63117,0.6360558118393393
titubions,214335,88484,0.6367631055729788
civilisation,110702,54748,0.6373630119968667
embrasement,132999,61089,0.6618201873113416
dévala,131801,60809,0.6385538540645788
béhème,104419,52329,0.6391763739067675
déchaînât,125761,59442,0.7156014303369557
envolâmes,137274,61973,0.6841738618852886
paraphrasant,177510,76858,0.6410672941392772
redouteras,193421,82079,0.64168598783411
affliction,88426,46748,0.6437682860543651
sauterelles,203809,84671,0.6429735487889547
surnaturelle,210678,87125,0.6435875073250402
météoritique,171710,74631,0.6443834731972132
vagues,219333,90202,0.6450785722691433
réveillâmes,202110,84072,0.647990759870404
engouffrons,135331,61599,0.6463529095484407
ondoiement,175105,75889,0.6469916318179074
précédons,186792,80020,0.6509073151981847
imaginâmes,153614,67707,0.6482291705731932
torrentielles,214840,88663,0.6542615671400465
sourîmes,207662,86008,0.649455288111937
pestilences,180226,77697,0.6502287455757091
peinardement,179070,77362,0.6508340572313456
jurâmes,160378,70009,0.6516108131140363
incendie,154914,68166,0.6697139518211457
messianiques,167136,72724,0.6680238904814174
imprécateur,154482,67985,0.6534429997456964
incrédulité,155366,68318,0.654040381429208
châtiment,110078,54502,0.6546316712548843
glapissement,147549,65324,0.6552716127491387
tragiques,215568,88899,0.6564593074841976
funeste,145446,64547,0.6712067386072793
pagailles,176589,76452,0.6635507704628596
survolâmes,210992,87199,0.6670702859399188
frayeur,144493,64252,0.6937295432540231
fléau,142905,63777,0.6592134950165276
prédisant,186840,80039,0.659828730916619
souillage,207324,85950,0.6605721074428196
obscurcissement,174116,75555,0.6612100052018988
fournaise,143929,64081,0.6985665784690683
tentation,213350,88102,0.6664647093121956
merveilleuses,167096,72702,0.6708277648222227
naufrageant,172163,74801,0.6638752567839552
frôlions,145245,64480,0.6646384313147982
apothéoses,92724,48354,0.6652955837942562
épouvanté,226343,92451,0.6878664531332112
glissements,147611,65351,0.6669066678598716
divine,123287,58687,0.7026446911696381
effroyable,132640,60984,0.6726838582242353
horrifiante,152058,67053,0.669479551689216
cramponneront,118262,56980,0.6698013985631446
verset,220377,90560,0.6704173004492631
déification,128087,59961,0.6710950563025633
débordement,125092,59293,0.6716936005963837
orage,175489,76014,0.8106813710532279
midrash,167727,73113,0.6728931749658212
ouragan,176183,76293,0.6735455627138398
paratonnerre,177556,76878,0.7026776104662976
dévions,132003,60839,0.6748065110127625
secouement,204627,84967,0.6755915677961902
chaos,108358,53863,0.6761861399933671
orphiques,175893,76159,0.6785838550774048
lévitique,164080,71581,0.6774577295779258
sirènes,206068,85505,0.7063951403142401
mazdéens,166640,72546,0.6787020984427325
visionnaire,221253,90902,0.6793866449788022
beuglement,99761,50633,0.6800605794174578
légendes,163927,71521,0.6806910018017742
autodestruction,96572,49482,0.6813101755696338
grandiose,148591,65763,0.6819163863083992
éruption,226714,92555,0.6921695084991684
résurrections,201820,84001,0.7037691835073274
pleuvant,182405,78538,0.6897503820227534
croulement,118967,57198,0.6845224276884536
remonterons,194768,82339,0.6851759726426071
pétrification,188998,80805,0.6858162095974895
sumérien,209955,86891,0.6865168829686952
lamentablement,161124,70426,0.6871780009358683
jéroboam,160475,70055,0.6880253227320123
crouleras,118974,57195,0.6886177246850119
gronde,149496,66051,0.689232713372889
lavedu,161712,70659,0.6898836250879132
dévisagions,132022,60852,0.6904768945635948
exterminerons,139759,62735,0.6911659479718085
osée,176060,76246,0.6919460373710684
inévitablement,158858,69447,0.6925986185390364
exorcisions,139202,62615,0.6932985034683178
destructeur,121393,58155,0.7298793379314616
fantasmagories,140567,63001,0.6949033831659092
adorons,87927,46623,0.6955705635451763
aveuglement,97114,49683,0.6961734679242705
pandémonium,176999,76645,0.7087923799490422
désolantes,131112,60668,0.7072818000164004
ramenons,190812,81464,0.6980479880719233
tornades,214812,88650,0.6987028161521885
imprécations,154484,67986,0.7142329656208057
retrouvions,197372,82781,0.7001395326071047
admirâmes,87777,46591,0.7007561497892112
ébranlement,223224,91650,0.7330960532247631
ébahissons,223071,91610,0.7021755146454797
amenons,90607,47413,0.7028415022077137
glougloutement,147701,65386,0.7034463284010046
crashée,118371,57013,0.7042755183333619
canicule,105930,52902,0.7085497595720542
pluie,182602,78597,0.7557996753287657
chaldaïques,108009,53753,0.7068001740282206
clouons,111329,54974,0.7075268745599048
terreurs,213545,88154,0.7081394767422748
déracinant,130062,60400,0.7087413334110279
funestement,145447,64548,0.7094273616965898
faillîmes,140336,62917,0.7101006327060542
démons,128866,60131,0.7107765123989686
crue,119122,57145,0.7114082576610534
exploseras,139436,62671,0.7120118432812291
miraculeusement,168209,73307,0.7130305678384649
géhenne,150247,66319,0.7462182946817417
reparaissons,195701,82511,0.714242233121229
radeau,190110,81245,0.7148359735305954
décalogue,125439,59371,0.7155832715699237
samaritaine,203238,84425,0.7161761576222788
idolâtrie,153310,67611,0.7193191585361254
effleurâmes,132503,60960,0.7176288791816116
monothéistes,169143,73673,0.7237730930048552
éternité,226987,92620,0.7190758701393699
tentateur,213346,88101,0.719723181939709
désastreusement,130565,60523,0.7205456206730603
dérivions,130204,60425,0.7213496233360331
furies,145493,64568,0.7219814055320904
épopée,226242,92430,0.7226827233539919
frayez,144495,64155,0.7233309172324685
cananéen,105826,52856,0.7239358773785705
hourras,152194,67121,0.7245528523349742
chaldéens,108011,53754,0.7251460275276287
subites,209242,86699,0.7258426065337718
submergée,209313,86723,0.726443284235229
éclairs,223760,91755,0.7470877769655289
mirmidon,168243,73318,0.7281664112753845
miracle,168204,73304,0.756999908725388
impies,154098,67886,0.7503161189615097
rougeoiement,198953,83316,0.7599782443564644
martelant,166032,72325,0.731206978876871
reniement,195351,82449,0.7318329889340395
mésopotamiens,171547,74544,0.7369492208433489
mythe,170781,74271,0.7768425367956834
gigantesque,147301,65217,0.7595954408796729
cyclopes,120005,57584,0.7345546705346296
cafardeur,104982,52543,0.7353596645322351
apocryphe,92664,48326,0.7514984381936478
rappelions,191182,81564,0.7367932037644105
épouvanteraient,226338,92445,0.767380024043675
exterminations,139751,62737,0.7383666989039012
observâmes,174170,75561,0.7391193745760821
fatalisme,140784,63080,0.7397200856382506
raz,191960,81727,0.7404767756980867
monstre,169158,73685,0.7789959772471255
débâcles,125382,59346,0.7422550436110907
miraculant,168206,73305,0.742898823369787
ravissement,191865,81708,0.7435019687293196
épouvantable,226325,92446,0.7595779090955919
louons,163307,71259,0.7453895071661539
enfantement,134842,61522,0.769792489363394
miraculeux,168211,73306,0.7550417422988343
tonnerre,214654,88596,0.7475773765385877
nemrod,172338,74861,0.7485819767451529
déferlement,127165,59763,0.7797412577661722
vacarme,219198,90157,0.7500323405671089
défourna,127414,59820,0.7506413936885644
mythologique,170791,74277,0.7591529972452222
gaillardement,146102,64749,0.7520256629143962
poussière,184594,79384,0.7526915304567785
épouvante,226332,92449,0.7533954850736123
paradis,177366,76805,0.7540023427330285
eschatologie,137516,62054,0.7546150987486419
mythisation,170787,74274,0.7552721681145261
ravages,191754,81681,0.7562351443808059
retirâmes,197103,82734,0.7570055009239317
accablions,86301,46262,0.757651075758281
secouons,204642,84966,0.7582660199916051
synoptique,211402,87356,0.758862751010001
massacre,166196,72389,0.7595081009117558
commencement,112531,55401,0.7606706689086021
terrifiant,213568,88163,0.7764205453310704
explosions,139447,62674,0.7616768763141543
pentateuque,179428,77458,0.762392320264502
assyro,95344,49107,0.7639760375380217
idolâtres,153307,67609,0.7649958140056914
affolât,88486,46756,0.7655861441498412
arche,93635,48584,0.7667786818315463
engloutirons,135263,61587,0.862643782967667
typhon,218199,89746,0.7694659172557522
satan,203574,84582,0.7700024121262817
branlement,102815,51775,0.7706146083748113
effroi,132628,60980,0.7713415955172205
catastropher,107285,53458,0.8172175851264796
damnation,120481,57799,0.7781086265992355
golgotha,147924,65484,0.7733426188693243
présages,187234,80151,0.7952854885542315
courroux,117783,56844,0.7749297187593088
feu,141482,63310,0.7755936146864004
capharnaüm,106141,52993,0.7762179914798061
brouillard,103548,52016,0.7769103803141539
holocauste,151804,66932,0.7825480344479413
tremblement,216582,89177,0.8241081661121191
boue,101822,51429,0.7797678868520096
millénarisme,167946,73196,0.7807059144764706
retardement,196983,82723,0.7813656802789358
monstrueusement,169163,73687,0.7820650247726231
sauterons,203816,84664,0.783079461843564
annonciations,91679,47799,0.7837904955111714
bourrasques,102292,51589,0.7941481657586982
affaissions,88182,46696,0.7850529936516668
transgressons,215974,89004,0.7857195362802056
malheurs,164752,71871,0.8076916071216669
ève,223057,91608,0.7871320371787888
errâmes,137400,62002,0.787919517074003
démiurge,128779,60110,0.8043560618348794
déchaînée,125766,59444,0.824002828509495
illuminations,153481,67674,0.7913233342756456
déposions,129820,60339,0.792343820180816
récit,200077,83634,0.7930645071883183
sabbat,202508,84167,0.7939607632316245
supposions,210233,86967,0.7946498889400109
annonciateur,91674,47798,0.8354382634915015
grondement,149497,66053,0.8471489939351586
rédigions,200401,83691,0.7968160888028004
bouleversement,102087,51513,0.7975521918631181
babylonienne,97583,49850,0.8261872845428713
tempêtes,213228,88064,0.8169423538651489
destruction,121400,58158,0.8090487350903437
titanique,214281,88474,0.8007547808564721
deutéronome,121416,58166,0.8014804147549566
péché,188505,80594,0.8024550313271698
moïse,170181,74031,0.8032661825419793
paganisme,176591,76454,0.8039417174944726
abomination,85715,46120,0.8055380278967552
millénariste,167947,73197,0.8053324447561556
monstrueux,169165,73686,0.8348275376268972
monothéismes,169140,73672,0.8149958733849365
fracas,144115,64128,0.8083281911705469
fantasmagorique,140568,63002,0.8089602663625233
lamentations,161131,70427,0.8414890469762578
dieu,121801,58302,0.8355396998305442
mésopotamienne,171546,74545,0.8114577945321911
abîmons,86249,46245,0.8123830219792376
suivions,209883,86853,0.8133917773526717
engendrement,135216,61578,0.8148090588501988
prométhéenne,185921,79744,0.8272188457109366
foudroiement,143659,64012,0.8164972407900231
malédictions,164891,71925,0.8331326354757358
fureur,145482,64564,0.8190001773959656
posions,183898,79136,0.8197053339967838
dantesque,120585,57824,0.8521257067108272
paillardement,176652,76477,0.8227481755164785
exode,139170,62604,0.8235077798147219
folâtres,143094,63845,0.8245903762685348
bible,99834,50663,0.8264806978331732
hébreux,152891,67430,0.8273913303437282
submersion,209323,86725,0.8281175311721041
gigantomachie,147305,65219,0.8293357534272383
inondation,156778,68828,0.8793887055151794
flammes,142430,63612,0.8311812586229039
terrible,213552,88158,0.854860647249228
tsunami,217873,89615,0.8346650363829403
pénardement,188635,80658,0.8354239205903443
cosmogonique,117179,56640,0.8369639601786766
cieux,110255,54574,0.83847688378606
cosmogonie,117177,56639,0.8557852966245226
abîme,86234,46246,0.840272232726939
désolations,131115,60669,0.8456093517382555
biblique,99850,50673,0.8820469970742428
ressuiement,196765,82688,0.8429244110989161
antéchrist,92391,48241,0.8675386281425495
dévastation,131858,60819,0.8654116979468639
bibliquement,99851,50674,0.8451498534315074
ensevelissement,136152,61751,0.8467466657067748
métamorphosions,171598,74568,0.8487359624494393
apocalypses,92660,48323,0.887950624693668
prophétise,186022,79773,0.899253526147437
prophéties,186015,79770,0.9061373544809199
prophétiquement,186017,79772,0.8572229799879053
pécheresses,188497,80591,0.861543862938044
conflagration,114203,55805,0.8625198905140493
épouvantement,226334,92450,0.9003579228731245
catastrophe,107284,53459,0.9035316800283248
attardement,95719,49233,0.8704227314000581
éden,224393,91905,0.8712503996790861
prophétiques,186018,79771,0.8777938876106968
infernaux,156077,68610,0.874859176507353
nuées,173619,75362,0.8756679094697158
catastrophiques,107289,53460,0.8912556792639369
calamité,105214,52636,0.8898865654094814
genèse,147085,65131,0.8821232329142117
météore,171704,74627,0.8886262298287306
apocalyptiques,92662,48324,0.8958922034647753
désastres,130563,60521,0.8920647107048292
diluvienne,122058,58382,0.9164398528661194
cataclysmique,107211,53431,0.902476886873995
catastrophisme,107290,53462,0.9064282052115025
engloutissement,135270,61588,0.9093147586764654
tirâmes,214203,88418,0.9169865182073581
catastrophiste,107291,53463,0.9313876995233618
antédiluvienne,92398,48243,0.9614561709268545
cataclysmes,107210,53430,0.9798661885455892
